1 5120 480 8 2 20480
2 5120 480 8 2 20480
4 5120 480 8 2 20480
8 5120 480 8 2 20480
16 5120 480 8 2 20480
32 5120 480 8 2 20480
1 5120 1920 8 4 10240
2 5120 1920 8 4 10240
4 5120 1920 8 4 10240
8 5120 1920 8 4 10240
16 5120 1920 8 4 10240
32 5120 1920 8 4 10240
1 5120 7680 8 8 5120
2 5120 7680 8 8 5120
4 5120 7680 8 8 5120
8 5120 7680 8 8 5120
16 5120 7680 8 8 5120
32 5120 7680 8 8 5120
1 5120 30720 8 16 2560
2 5120 30720 8 16 2560
4 5120 30720 8 16 2560
8 5120 30720 8 16 2560
16 5120 30720 8 16 2560
32 5120 30720 8 16 2560


